# Header: Project1::K-I_2020-05-26_NI_C_16_EBSD_01::All data::Grain Size   2/2/2022
# 
# Column 1-3: phi1, PHI, phi2 (orientation of point in radians)
# Column 4-5: x, y (coordinates of point in microns)
# Column 6:   bc (image quality)
# Column 7:   CI (Confidence Index)
# Column 8:   Phase (index identifying phase)
# Column 9:   Fit (degrees)
# Column 10:  sem (detector signal value)
  6.11775   0.67007   0.52116      0.00000      0.00000 1080.1  0.000  2      1  2.259  0.000000  0.000000  0.000000  0.000000 
  2.67534   0.78539   3.48301      0.30000      0.00000 1744.3  0.000  2  32766  2.322  0.000000  0.000000  0.000000  0.000000 
  3.55269   2.42633   4.98793      0.60000      0.00000 3800.2  0.107  2  13590  1.637  0.000000  0.000000  0.000000  0.000000 
  1.34624   0.37176   6.24594      0.90000      0.00000 3791.1  0.179  1  10093  1.574  0.000000  0.000000  0.000000  0.000000 
  1.32667   0.36782   6.26713      1.20000      0.00000 4161.7  0.155  1   8254  1.183  0.000000  0.000000  0.000000  0.000000 
  4.47814   2.77697   5.26520      1.50000      0.00000 3845.4  0.119  1   8057  1.179  0.000000  0.000000  0.000000  0.000000 
  1.32657   0.36297   3.12723      1.80000      0.00000 3617.6  0.012  1   8253  1.130  0.000000  0.000000  0.000000  0.000000 
  4.49017   2.76806   3.18332      2.10000      0.00000 3629.2  0.107  1   8988  1.282  0.000000  0.000000  0.000000  0.000000 
  1.32502   0.36128   4.18018      2.40000      0.00000 3545.7  0.060  1   8879  1.202  0.000000  0.000000  0.000000  0.000000 
  0.43195   1.16238   5.15525      2.70000      0.00000 3154.8  0.000  2  10615  1.672  0.000000  0.000000  0.000000  0.000000 
  1.33039   0.35563   4.16814      3.00000      0.00000 3277.7  0.048  1  10652  1.188  0.000000  0.000000  0.000000  0.000000 
  1.33829   0.35611   4.15951      3.30000      0.00000 3242.1  0.190  1  10654  1.012  0.000000  0.000000  0.000000  0.000000 
  1.35190   0.36123   4.14014      3.60000      0.00000 3503.6  0.155  1  11493  1.209  0.000000  0.000000  0.000000  0.000000 
  6.27791   2.32093   0.36345      3.90000      0.00000 3271.9  0.000  2  11800  1.207  0.000000  0.000000  0.000000  0.000000 
  4.49161   2.77505   3.18667      4.20000      0.00000 3485.1  0.012  1  11894  1.640  0.000000  0.000000  0.000000  0.000000 
  4.49613   2.77869   3.18570      4.50000      0.00000 3534.6  0.012  1  13593  1.187  0.000000  0.000000  0.000000  0.000000 
  4.50264   2.77194   3.18559      4.80000      0.00000 3430.7  0.024  1  13575  1.380  0.000000  0.000000  0.000000  0.000000 
  4.48976   2.76898   3.18301      5.10000      0.00000 3551.8  0.274  1  15024  0.965  0.000000  0.000000  0.000000  0.000000 
  4.48674   2.77263   3.17225      5.40000      0.00000 3390.5  0.286  1  15259  0.823  0.000000  0.000000  0.000000  0.000000 
  4.45447   2.77373   3.13910      5.70000      0.00000 3125.5  0.155  1  15547  1.362  0.000000  0.000000  0.000000  0.000000 
  4.46373   2.77001   3.14894      6.00000      0.00000 2960.7  0.226  1  17830  1.383  0.000000  0.000000  0.000000  0.000000 
  2.85894   1.97830   5.60295      6.30000      0.00000 2477.7  0.000  2  24984  2.153  0.000000  0.000000  0.000000  0.000000 
  1.33391   1.39129   0.79638      6.60000      0.00000 2909.8  0.143  1  27776  1.623  0.000000  0.000000  0.000000  0.000000 
  4.47679   1.74419   4.44397      6.90000      0.00000 3009.0  0.107  1  31048  1.661  0.000000  0.000000  0.000000  0.000000 
  1.34858   1.40463   0.76991      7.20000      0.00000 2804.2  0.143  1  27338  1.971  0.000000  0.000000  0.000000  0.000000 
  1.33716   1.40302   0.79254      7.50000      0.00000 3136.0  0.345  1  21344  1.280  0.000000  0.000000  0.000000  0.000000 
  1.32568   0.37826   2.07917      0.15000      0.25981 3427.9  0.060  1   8648  1.837  0.000000  0.000000  0.000000  0.000000 
  1.34474   0.37162   6.24565      0.45000      0.25981 3852.8  0.345  1   7802  1.314  0.000000  0.000000  0.000000  0.000000 
  1.33393   0.37023   6.25607      0.75000      0.25981 3963.5  0.321  1   7145  0.887  0.000000  0.000000  0.000000  0.000000 
  4.48544   2.77992   5.27405      1.05000      0.25981 3594.6  0.262  1   7792  0.798  0.000000  0.000000  0.000000  0.000000 
  4.48260   2.77742   5.27477      1.35000      0.25981 3664.4  0.036  1   7464  1.275  0.000000  0.000000  0.000000  0.000000 
  1.33627   0.36294   2.06972      1.65000      0.25981 3638.8  0.036  1   8176  1.201  0.000000  0.000000  0.000000  0.000000 
  1.32783   0.36357   4.17388      1.95000      0.25981 3438.0  0.083  1   9050  1.215  0.000000  0.000000  0.000000  0.000000 
  4.48324   2.77915   0.03640      2.25000      0.25981 3471.8  0.000  1   9420  1.166  0.000000  0.000000  0.000000  0.000000 
  0.59607   2.46975   5.21739      2.55000      0.25981 2717.2  0.000  2  12099  2.020  0.000000  0.000000  0.000000  0.000000 
  1.31585   0.34550   1.05085      2.85000      0.25981 2909.0  0.012  1   9751  1.438  0.000000  0.000000  0.000000  0.000000 
  0.59571   2.47987   5.21715      3.15000      0.25981 3179.1  0.000  2  10550  1.343  0.000000  0.000000  0.000000  0.000000 
  1.33724   0.35466   4.16099      3.45000      0.25981 3389.2  0.012  1  10972  1.069  0.000000  0.000000  0.000000  0.000000 
  4.01066   1.87478   5.67908      3.75000      0.25981 3261.6  0.000  2  12072  1.204  0.000000  0.000000  0.000000  0.000000 
  1.33193   0.36350   4.16232      4.05000      0.25981 3357.4  0.036  1  11545  1.221  0.000000  0.000000  0.000000  0.000000 
  1.33162   0.36545   4.16611      4.35000      0.25981 3544.2  0.024  1  12435  1.077  0.000000  0.000000  0.000000  0.000000 
  4.49022   2.77051   3.18670      4.65000      0.25981 3623.3  0.131  1  13058  1.112  0.000000  0.000000  0.000000  0.000000 
  4.51014   2.76885   3.20604      4.95000      0.25981 3656.2  0.238  1  14053  0.947  0.000000  0.000000  0.000000  0.000000 
  4.50089   2.77072   3.18667      5.25000      0.25981 3548.7  0.190  1  15412  1.121  0.000000  0.000000  0.000000  0.000000 
  4.49454   2.77033   3.17306      5.55000      0.25981 3324.8  0.286  1  16072  1.224  0.000000  0.000000  0.000000  0.000000 
  4.49475   2.77128   3.17358      5.85000      0.25981 3190.4  0.321  1  17694  1.305  0.000000  0.000000  0.000000  0.000000 
  1.33441   0.36490   4.17626      6.15000      0.25981 2538.5  0.167  1  19642  1.393  0.000000  0.000000  0.000000  0.000000 
  1.33126   1.39180   0.79376      6.45000      0.25981 2911.1  0.190  1  22761  1.493  0.000000  0.000000  0.000000  0.000000 
  2.68865   0.85819   1.28938      6.75000      0.25981 2707.3  0.018  1  32766  2.010  0.000000  0.000000  0.000000  0.000000 
  1.30815   2.53342   1.93874      7.05000      0.25981 2745.1  0.012  1  32766  2.136  0.000000  0.000000  0.000000  0.000000 
  3.78531   0.81396   5.38666      7.35000      0.25981 2505.1  0.000  2  32766  2.042  0.000000  0.000000  0.000000  0.000000 
  1.34646   0.37773   6.24161      0.00000      0.51962 3509.1  0.214  1   7106  1.375  0.000000  0.000000  0.000000  0.000000 
  4.45756   2.77180   5.24490      0.30000      0.51962 3808.9  0.333  1   6337  1.231  0.000000  0.000000  0.000000  0.000000 
  1.34640   0.36889   6.24279      0.60000      0.51962 3796.2  0.262  1   7266  1.407  0.000000  0.000000  0.000000  0.000000 
  4.47791   2.78099   5.26278      0.90000      0.51962 3592.8  0.036  1   8004  1.156  0.000000  0.000000  0.000000  0.000000 
  3.73006   0.66977   2.64175      1.20000      0.51962 3469.2  0.000  2   8542  1.158  0.000000  0.000000  0.000000  0.000000 
  1.33637   0.36463   4.16046      1.50000      0.51962 3388.5  0.000  1   8369  0.940  0.000000  0.000000  0.000000  0.000000 
  4.48650   2.76958   3.18408      1.80000      0.51962 3557.8  0.214  1   8787  1.002  0.000000  0.000000  0.000000  0.000000 
  0.59563   2.47493   5.21587      2.10000      0.51962 3266.2  0.000  2   9604  1.313  0.000000  0.000000  0.000000  0.000000 
  6.27707   2.33029   0.35799      2.40000      0.51962 2481.6  0.000  2   8698  1.527  0.000000  0.000000  0.000000  0.000000 
  1.31432   0.35832   1.05250      2.70000      0.51962 2284.5  0.143  1   8155  1.268  0.000000  0.000000  0.000000  0.000000 
  0.42942   1.15529   5.16674      3.00000      0.51962 2947.1  0.000  2  10463  1.267  0.000000  0.000000  0.000000  0.000000 
  3.57267   1.97824   2.69003      3.30000      0.51962 3215.1  0.000  2  11350  1.630  0.000000  0.000000  0.000000  0.000000 
  0.59340   2.47801   5.21712      3.60000      0.51962 3270.4  0.000  2  12040  1.555  0.000000  0.000000  0.000000  0.000000 
  0.58649   2.48053   5.21176      3.90000      0.51962 3291.4  0.000  2  11773  1.563  0.000000  0.000000  0.000000  0.000000 
  4.51501   2.76843   3.20883      4.20000      0.51962 3278.7  0.012  1  12270  1.648  0.000000  0.000000  0.000000  0.000000 
  4.51625   2.76830   3.21103      4.50000      0.51962 3564.9  0.179  1  12590  1.232  0.000000  0.000000  0.000000  0.000000 
  4.47955   2.77729   3.16399      4.80000      0.51962 3218.2  0.179  1  14507  0.919  0.000000  0.000000  0.000000  0.000000 
  4.46513   2.77747   3.14809      5.10000      0.51962 3055.3  0.238  1  15022  1.206  0.000000  0.000000  0.000000  0.000000 
  1.24829   0.35132   4.25024      5.40000      0.51962 2875.5  0.024  1  15103  1.667  0.000000  0.000000  0.000000  0.000000 
  0.81263   0.31384   4.63990      5.70000      0.51962 2934.0  0.060  1  16481  2.009  0.000000  0.000000  0.000000  0.000000 
  0.84878   0.31405   0.43400      6.00000      0.51962 2737.9  0.119  1  16338  1.525  0.000000  0.000000  0.000000  0.000000 
  0.82762   0.31919   0.46519      6.30000      0.51962 2947.1  0.214  1  16125  1.609  0.000000  0.000000  0.000000  0.000000 
  0.88481   0.31472   4.60135      6.60000      0.51962 2832.6  0.190  1  17961  1.513  0.000000  0.000000  0.000000  0.000000 
  2.29542   1.27977   5.38110      6.90000      0.51962 2638.3  0.000  2  24676  2.268  0.000000  0.000000  0.000000  0.000000 
  6.03527   1.33174   0.64411      7.20000      0.51962 2747.3  0.000  2  32766  2.352  0.000000  0.000000  0.000000  0.000000 
  4.92976   1.81502   3.35554      7.50000      0.51962 2702.2  0.000  2  32766  2.114  0.000000  0.000000  0.000000  0.000000 
  4.46357   2.77242   5.25217      0.15000      0.77942 3626.0  0.333  1   8043  0.631  0.000000  0.000000  0.000000  0.000000 
  4.48051   2.77729   5.26422      0.45000      0.77942 3452.1  0.143  1   7750  1.102  0.000000  0.000000  0.000000  0.000000 
  1.32665   0.36102   4.17121      0.75000      0.77942 3511.7  0.024  1   8617  1.363  0.000000  0.000000  0.000000  0.000000 
  1.32108   0.36075   4.18208      1.05000      0.77942 3340.3  0.024  1   8014  1.067  0.000000  0.000000  0.000000  0.000000 
  0.59056   2.47297   5.21066      1.35000      0.77942 3292.4  0.000  2   9341  1.222  0.000000  0.000000  0.000000  0.000000 
  1.32304   0.36053   4.17692      1.65000      0.77942 3301.2  0.000  1   9842  1.176  0.000000  0.000000  0.000000  0.000000 
  1.32737   0.35692   4.17446      1.95000      0.77942 3377.9  0.000  1   9815  1.284  0.000000  0.000000  0.000000  0.000000 
  1.28895   0.35032   4.21226      2.25000      0.77942 3157.2  0.012  1   9269  1.850  0.000000  0.000000  0.000000  0.000000 
  4.45743   2.78055   0.00722      2.55000      0.77942 2591.5  0.155  1   8817  1.093  0.000000  0.000000  0.000000  0.000000 
  0.44148   1.16363   5.15134      2.85000      0.77942 2814.6  0.000  2  10524  1.616  0.000000  0.000000  0.000000  0.000000 
  4.42317   2.79906   0.49487      3.15000      0.77942 3114.3  0.095  1  10800  1.473  0.000000  0.000000  0.000000  0.000000 
  4.47803   2.77289   3.17487      3.45000      0.77942 3284.3  0.262  1  11990  0.763  0.000000  0.000000  0.000000  0.000000 
  1.31683   0.35566   4.18177      3.75000      0.77942 3274.7  0.012  1  11405  1.010  0.000000  0.000000  0.000000  0.000000 
  4.47183   2.77510   3.15662      4.05000      0.77942 3498.8  0.238  1  12216  0.866  0.000000  0.000000  0.000000  0.000000 
  1.32205   0.35527   4.18127      4.35000      0.77942 3327.1  0.024  1  13138  1.301  0.000000  0.000000  0.000000  0.000000 
  1.29868   0.34897   4.20085      4.65000      0.77942 2976.9  0.214  1  12945  1.110  0.000000  0.000000  0.000000  0.000000 
  1.20893   0.34522   4.29478      4.95000      0.77942 2850.0  0.012  1  14564  1.863  0.000000  0.000000  0.000000  0.000000 
  0.81913   0.32137   0.45293      5.25000      0.77942 2920.0  0.190  1  14202  1.504  0.000000  0.000000  0.000000  0.000000 
  0.85120   0.31614   0.42549      5.55000      0.77942 3274.6  0.214  1  15417  1.317  0.000000  0.000000  0.000000  0.000000 
  0.83353   0.30774   0.43759      5.85000      0.77942 3517.1  0.500  1  15536  1.112  0.000000  0.000000  0.000000  0.000000 
  0.82026   0.31301   0.46673      6.15000      0.77942 3509.4  0.226  1  16253  1.224  0.000000  0.000000  0.000000  0.000000 
  0.82313   0.31386   0.47116      6.45000      0.77942 3655.6  0.405  1  15327  1.078  0.000000  0.000000  0.000000  0.000000 
  0.83947   0.32164   0.45170      6.75000      0.77942 3282.9  0.310  1  12833  1.247  0.000000  0.000000  0.000000  0.000000 
  0.85410   0.32705   0.44586      7.05000      0.77942 2844.0  0.071  1  16270  1.714  0.000000  0.000000  0.000000  0.000000 
  0.55264   2.23248   3.97115      7.35000      0.77942 2600.6  0.012  2  23378  1.898  0.000000  0.000000  0.000000  0.000000 
  4.46174   2.77485   5.24765      0.00000      1.03923 3436.3  0.202  1   7034  1.098  0.000000  0.000000  0.000000  0.000000 
  3.73387   0.65831   2.63592      0.30000      1.03923 3289.6  0.000  2   7606  1.524  0.000000  0.000000  0.000000  0.000000 
  1.33567   0.36374   6.25225      0.60000      1.03923 3220.5  0.024  1   8625  1.281  0.000000  0.000000  0.000000  0.000000 
  0.58969   2.47299   5.21184      0.90000      1.03923 2980.8  0.000  2   9054  1.404  0.000000  0.000000  0.000000  0.000000 
  1.33288   0.36109   4.16788      1.20000      1.03923 3286.4  0.060  1   9572  1.090  0.000000  0.000000  0.000000  0.000000 
  6.27643   2.33381   0.35916      1.50000      1.03923 3181.8  0.000  2   9114  1.227  0.000000  0.000000  0.000000  0.000000 
  4.49590   2.77895   3.18986      1.80000      1.03923 3245.0  0.119  1  10528  1.124  0.000000  0.000000  0.000000  0.000000 
  4.47942   2.77323   3.17131      2.10000      1.03923 3251.0  0.107  1   9886  1.110  0.000000  0.000000  0.000000  0.000000 
  1.33495   0.36402   4.15620      2.40000      1.03923 3111.9  0.214  1  10159  1.437  0.000000  0.000000  0.000000  0.000000 
  1.32113   0.36346   4.17291      2.70000      1.03923 3046.5  0.060  1   9720  1.693  0.000000  0.000000  0.000000  0.000000 
  4.47916   2.77510   3.17346      3.00000      1.03923 3260.4  0.226  1  10976  0.928  0.000000  0.000000  0.000000  0.000000 
  1.32065   0.36124   4.17953      3.30000      1.03923 3334.1  0.226  1  11121  0.771  0.000000  0.000000  0.000000  0.000000 
  1.33774   0.35750   4.16449      3.60000      1.03923 3248.8  0.119  1  11233  1.307  0.000000  0.000000  0.000000  0.000000 
  4.48523   2.76849   3.17957      3.90000      1.03923 3279.7  0.167  1  12029  1.236  0.000000  0.000000  0.000000  0.000000 
  4.49969   2.76855   3.19522      4.20000      1.03923 3024.6  0.190  1  12562  1.140  0.000000  0.000000  0.000000  0.000000 
  1.30590   2.53409   0.76645      4.50000      1.03923 2713.7  0.000  2  13322  1.971  0.000000  0.000000  0.000000  0.000000 
  0.81089   0.31111   0.46390      4.80000      1.03923 2863.4  0.214  1  13902  1.511  0.000000  0.000000  0.000000  0.000000 
  0.83852   0.31485   0.43664      5.10000      1.03923 3191.2  0.381  1  14062  1.026  0.000000  0.000000  0.000000  0.000000 
  0.84028   0.31029   0.43706      5.40000      1.03923 3510.2  0.357  1  14539  1.230  0.000000  0.000000  0.000000  0.000000 
  0.83577   0.30960   0.44637      5.70000      1.03923 3785.6  0.143  1  13784  1.513  0.000000  0.000000  0.000000  0.000000 
  0.82587   0.31102   0.46225      6.00000      1.03923 3908.2  0.190  1  13922  1.170  0.000000  0.000000  0.000000  0.000000 
  0.82787   0.30960   0.45727      6.30000      1.03923 3880.0  0.250  1  13825  0.969  0.000000  0.000000  0.000000  0.000000 
  0.83582   0.31242   0.44868      6.60000      1.03923 4016.9  0.226  1  13203  1.233  0.000000  0.000000  0.000000  0.000000 
  0.83462   0.31269   0.44950      6.90000      1.03923 4059.2  0.048  1  10463  1.427  0.000000  0.000000  0.000000  0.000000 
  0.84197   0.31281   0.43757      7.20000      1.03923 4021.6  0.155  1  10598  1.575  0.000000  0.000000  0.000000  0.000000 
  0.82354   0.31797   0.46937      7.50000      1.03923 3413.0  0.405  1  10907  0.979  0.000000  0.000000  0.000000  0.000000 
  3.72920   0.65991   2.63879      0.15000      1.29904 2869.4  0.000  2   9066  1.137  0.000000  0.000000  0.000000  0.000000 
  0.59244   2.47478   5.22451      0.45000      1.29904 2659.6  0.000  2   9083  1.979  0.000000  0.000000  0.000000  0.000000 
  3.57807   1.98200   2.69274      0.75000      1.29904 2037.1  0.000  2  10295  1.721  0.000000  0.000000  0.000000  0.000000 
  4.45420   2.78342   3.13288      1.05000      1.29904 2349.6  0.095  1   9086  1.368  0.000000  0.000000  0.000000  0.000000 
  4.48085   2.78258   3.16765      1.35000      1.29904 3186.1  0.012  1  10629  1.498  0.000000  0.000000  0.000000  0.000000 
  4.50007   2.77895   3.19230      1.65000      1.29904 3132.1  0.060  1  10099  1.454  0.000000  0.000000  0.000000  0.000000 
  4.48649   2.78312   3.17831      1.95000      1.29904 3136.3  0.083  1  10849  1.136  0.000000  0.000000  0.000000  0.000000 
  4.47146   2.77650   3.16681      2.25000      1.29904 3231.4  0.012  1  10412  1.296  0.000000  0.000000  0.000000  0.000000 
  3.57813   1.98398   2.70291      2.55000      1.29904 3390.2  0.000  2  10651  1.470  0.000000  0.000000  0.000000  0.000000 
  6.26278   0.99910   1.93166      2.85000      1.29904 3285.5  0.000  2  11367  1.468  0.000000  0.000000  0.000000  0.000000 
  4.48758   2.78090   3.17487      3.15000      1.29904 3329.9  0.012  1  10966  1.277  0.000000  0.000000  0.000000  0.000000 
  0.43460   1.16654   5.16468      3.45000      1.29904 3276.3  0.000  2  12072  1.310  0.000000  0.000000  0.000000  0.000000 
  0.43276   1.16109   5.16192      3.75000      1.29904 2824.4  0.000  2  13148  1.640  0.000000  0.000000  0.000000  0.000000 
  3.14399   0.81207   5.91370      4.05000      1.29904 2376.2  0.000  2  12721  1.940  0.000000  0.000000  0.000000  0.000000 
  3.95792   2.83536   4.77857      4.35000      1.29904 2993.7  0.083  1  13476  1.505  0.000000  0.000000  0.000000  0.000000 
  0.83818   0.30567   0.43046      4.65000      1.29904 3378.5  0.298  1  13728  1.478  0.000000  0.000000  0.000000  0.000000 
  0.84627   0.30803   0.43740      4.95000      1.29904 3463.7  0.500  1  13512  1.081  0.000000  0.000000  0.000000  0.000000 
  0.82919   0.30857   0.45244      5.25000      1.29904 3808.5  0.167  1  13685  1.206  0.000000  0.000000  0.000000  0.000000 
  3.97736   2.83209   0.59607      5.55000      1.29904 3792.3  0.202  1  13271  1.299  0.000000  0.000000  0.000000  0.000000 
  3.97650   2.83038   0.59993      5.85000      1.29904 4035.3  0.214  1  14312  1.193  0.000000  0.000000  0.000000  0.000000 
  3.96729   2.83136   0.59240      6.15000      1.29904 4178.6  0.179  1  14020  1.256  0.000000  0.000000  0.000000  0.000000 
  3.96779   2.83269   0.58718      6.45000      1.29904 4121.9  0.250  1  13930  0.885  0.000000  0.000000  0.000000  0.000000 
  3.96721   2.82930   0.59027      6.75000      1.29904 3994.8  0.012  1  11928  1.400  0.000000  0.000000  0.000000  0.000000 
  3.95944   2.82607   0.57996      7.05000      1.29904 3860.6  0.083  1  11702  1.199  0.000000  0.000000  0.000000  0.000000 
  3.97130   2.82960   0.59065      7.35000      1.29904 3897.6  0.143  1   9687  1.201  0.000000  0.000000  0.000000  0.000000 
  3.57652   1.97751   2.69298      0.00000      1.55885 3011.6  0.000  2   9385  1.654  0.000000  0.000000  0.000000  0.000000 
  3.13365   0.81356   5.92270      0.30000      1.55885 2874.7  0.000  2  11149  1.315  0.000000  0.000000  0.000000  0.000000 
  0.42184   1.16078   5.17780      0.60000      1.55885 2042.5  0.000  2   9270  1.476  0.000000  0.000000  0.000000  0.000000 
  3.13736   0.81179   5.91913      0.90000      1.55885 2118.1  0.048  2   8644  1.550  0.000000  0.000000  0.000000  0.000000 
  4.51810   2.77955   3.20745      1.20000      1.55885 2838.3  0.012  1  10114  1.390  0.000000  0.000000  0.000000  0.000000 
  4.47615   2.78055   0.02234      1.50000      1.55885 2846.6  0.095  1  10623  1.424  0.000000  0.000000  0.000000  0.000000 
  3.57008   1.98543   2.68697      1.80000      1.55885 3169.6  0.000  2  10824  1.568  0.000000  0.000000  0.000000  0.000000 
  6.26792   1.00355   1.92708      2.10000      1.55885 3051.6  0.000  2  11131  1.679  0.000000  0.000000  0.000000  0.000000 
  1.32029   0.35883   4.18033      2.40000      1.55885 3301.1  0.048  1  10525  1.407  0.000000  0.000000  0.000000  0.000000 
  4.50733   2.77410   3.18816      2.70000      1.55885 3375.5  0.012  1  11270  1.576  0.000000  0.000000  0.000000  0.000000 
  1.33279   0.36345   4.15998      3.00000      1.55885 3480.0  0.107  1  12020  1.403  0.000000  0.000000  0.000000  0.000000 
  6.26520   1.00491   1.92985      3.30000      1.55885 3331.1  0.000  2  11504  1.557  0.000000  0.000000  0.000000  0.000000 
  3.56927   1.97808   2.67773      3.60000      1.55885 2612.0  0.000  2  13480  1.652  0.000000  0.000000  0.000000  0.000000 
  5.44023   1.77162   5.95853      3.90000      1.55885 2251.0  0.048  1  14813  2.067  0.000000  0.000000  0.000000  0.000000 
  4.00881   2.84922   2.72117      4.20000      1.55885 2115.9  0.095  1  12999  2.029  0.000000  0.000000  0.000000  0.000000 
  0.82575   0.30846   0.45473      4.50000      1.55885 3265.3  0.155  1  12254  1.219  0.000000  0.000000  0.000000  0.000000 
  0.83203   0.30922   0.44675      4.80000      1.55885 3719.7  0.190  1  13166  1.360  0.000000  0.000000  0.000000  0.000000 
  0.83452   0.31010   0.44892      5.10000      1.55885 3767.2  0.500  1  13314  0.994  0.000000  0.000000  0.000000  0.000000 
  3.97172   2.83296   0.58862      5.40000      1.55885 3903.6  0.202  1  13452  1.149  0.000000  0.000000  0.000000  0.000000 
  3.97082   2.83141   0.59583      5.70000      1.55885 3987.0  0.012  1  13469  1.296  0.000000  0.000000  0.000000  0.000000 
  3.97622   2.83040   0.59966      6.00000      1.55885 4124.5  0.179  1  13727  1.191  0.000000  0.000000  0.000000  0.000000 
  3.96979   2.82935   0.59009      6.30000      1.55885 4162.8  0.274  1  12355  1.256  0.000000  0.000000  0.000000  0.000000 
  0.82499   0.30862   0.46191      6.60000      1.55885 4164.7  0.429  1  12049  1.030  0.000000  0.000000  0.000000  0.000000 
  3.97123   2.83154   0.58907      6.90000      1.55885 4215.4  0.202  1  12187  1.301  0.000000  0.000000  0.000000  0.000000 
  0.81569   0.30734   1.52292      7.20000      1.55885 3863.8  0.036  1  12378  1.658  0.000000  0.000000  0.000000  0.000000 
  3.96889   2.83141   0.58653      7.50000      1.55885 3767.7  0.060  1  10546  1.154  0.000000  0.000000  0.000000  0.000000 
  3.57635   1.98762   2.69753      0.15000      1.81865 3001.2  0.000  2  10009  1.570  0.000000  0.000000  0.000000  0.000000 
  4.50232   2.77052   3.19105      0.45000      1.81865 2913.5  0.083  1  10445  1.533  0.000000  0.000000  0.000000  0.000000 
  3.13613   0.81319   5.91826      0.75000      1.81865 2567.8  0.000  2   9927  1.489  0.000000  0.000000  0.000000  0.000000 
  0.43593   1.16175   5.16440      1.05000      1.81865 2846.1  0.000  2  10537  1.374  0.000000  0.000000  0.000000  0.000000 
  6.26903   1.00129   1.93222      1.35000      1.81865 3009.8  0.000  2  10563  1.370  0.000000  0.000000  0.000000  0.000000 
  0.43299   1.15551   5.15241      1.65000      1.81865 3097.0  0.000  2  10132  1.566  0.000000  0.000000  0.000000  0.000000 
  0.43052   1.16058   5.16508      1.95000      1.81865 3398.2  0.000  2  11202  1.544  0.000000  0.000000  0.000000  0.000000 
  4.49612   2.77794   3.19210      2.25000      1.81865 3445.5  0.119  1  10810  1.233  0.000000  0.000000  0.000000  0.000000 
  6.26666   1.00037   1.92935      2.55000      1.81865 3368.4  0.000  2  11034  1.566  0.000000  0.000000  0.000000  0.000000 
  0.43160   1.16323   5.16050      2.85000      1.81865 3189.4  0.000  2  10788  1.216  0.000000  0.000000  0.000000  0.000000 
  4.47749   2.77386   3.16938      3.15000      1.81865 3129.2  0.143  1  12121  1.170  0.000000  0.000000  0.000000  0.000000 
  1.29101   0.35474   4.21234      3.45000      1.81865 2907.5  0.095  1  12916  1.536  0.000000  0.000000  0.000000  0.000000 
  1.32375   0.35347   1.03999      3.75000      1.81865 2397.6  0.000  1  13712  1.842  0.000000  0.000000  0.000000  0.000000 
  0.83497   0.30421   0.42202      4.05000      1.81865 2587.2  0.131  1  13137  1.702  0.000000  0.000000  0.000000  0.000000 
  0.83539   0.31030   0.44205      4.35000      1.81865 3402.5  0.298  1  12669  1.317  0.000000  0.000000  0.000000  0.000000 
  0.83485   0.30934   0.43900      4.65000      1.81865 3638.6  0.060  1  13714  1.235  0.000000  0.000000  0.000000  0.000000 
  5.26064   2.15487   2.00274      4.95000      1.81865 3846.3  0.000  2  12721  1.990  0.000000  0.000000  0.000000  0.000000 
  0.83437   0.30932   0.43942      5.25000      1.81865 3799.2  0.190  1  12878  1.253  0.000000  0.000000  0.000000  0.000000 
  0.82782   0.31024   0.45655      5.55000      1.81865 3984.5  0.179  1  13259  1.200  0.000000  0.000000  0.000000  0.000000 
  0.82822   0.31013   0.45622      5.85000      1.81865 4152.0  0.179  1  13469  1.186  0.000000  0.000000  0.000000  0.000000 
  3.97126   2.82842   0.59463      6.15000      1.81865 4189.3  0.060  1  13683  1.183  0.000000  0.000000  0.000000  0.000000 
  3.96822   2.83108   0.58613      6.45000      1.81865 4169.2  0.417  1  13368  0.799  0.000000  0.000000  0.000000  0.000000 
  3.95828   2.82955   0.57821      6.75000      1.81865 4016.6  0.155  1  12009  1.222  0.000000  0.000000  0.000000  0.000000 
  3.97106   2.83151   0.58894      7.05000      1.81865 3887.8  0.048  1  12279  1.170  0.000000  0.000000  0.000000  0.000000 
  3.95921   2.82801   0.58111      7.35000      1.81865 3760.8  0.345  1  10461  1.019  0.000000  0.000000  0.000000  0.000000 
  3.57717   1.98335   2.70147      0.00000      2.07846 2942.4  0.000  2  10429  1.475  0.000000  0.000000  0.000000  0.000000 
  1.31004   0.36247   1.05181      0.30000      2.07846 2629.1  0.012  1   9721  1.389  0.000000  0.000000  0.000000  0.000000 
  3.13434   0.81670   5.91853      0.60000      2.07846 2297.3  0.000  2   8400  1.599  0.000000  0.000000  0.000000  0.000000 
  4.48266   2.76551   3.16616      0.90000      2.07846 2745.1  0.131  1  10824  1.757  0.000000  0.000000  0.000000  0.000000 
  4.50301   2.76765   3.19572      1.20000      2.07846 3107.5  0.095  1  10601  1.220  0.000000  0.000000  0.000000  0.000000 
  1.29822   0.34315   4.72172      1.50000      2.07846 3165.7  0.071  1  11624  1.455  0.000000  0.000000  0.000000  0.000000 
  4.49955   2.77299   3.19273      1.80000      2.07846 3403.3  0.083  1  11324  1.208  0.000000  0.000000  0.000000  0.000000 
  4.49022   2.76963   3.18874      2.10000      2.07846 3412.1  0.107  1  10736  1.516  0.000000  0.000000  0.000000  0.000000 
  4.49568   2.77274   3.19074      2.40000      2.07846 3417.6  0.036  1  11685  1.183  0.000000  0.000000  0.000000  0.000000 
  2.64448   1.00209   2.77185      2.70000      2.07846 3318.8  0.000  2  11379  1.420  0.000000  0.000000  0.000000  0.000000 
  4.50155   2.77165   3.20140      3.00000      2.07846 3342.6  0.262  1  11410  1.193  0.000000  0.000000  0.000000  0.000000 
  1.26353   0.35277   4.23797      3.30000      2.07846 2688.7  0.024  1  12196  1.726  0.000000  0.000000  0.000000  0.000000 
  1.30468   0.35866   4.20175      3.60000      2.07846 1930.3  0.083  1  14205  1.800  0.000000  0.000000  0.000000  0.000000 
  1.31570   0.35656   4.19090      3.90000      2.07846 1673.5  0.024  1  18540  1.935  0.000000  0.000000  0.000000  0.000000 
  0.86258   0.30596   0.41687      4.20000      2.07846 3061.8  0.119  1  12863  1.220  0.000000  0.000000  0.000000  0.000000 
  3.97454   2.83114   0.59691      4.50000      2.07846 3710.1  0.202  1  12742  1.152  0.000000  0.000000  0.000000  0.000000 
  3.96678   2.83255   0.58633      4.80000      2.07846 3730.9  0.155  1  13525  1.233  0.000000  0.000000  0.000000  0.000000 
  0.84448   0.30920   4.62773      5.10000      2.07846 3860.4  0.310  1  13452  1.124  0.000000  0.000000  0.000000  0.000000 
  0.83544   0.31121   0.44543      5.40000      2.07846 4100.8  0.214  1  13572  1.234  0.000000  0.000000  0.000000  0.000000 
  3.97610   2.83152   0.59823      5.70000      2.07846 3993.6  0.500  1  12892  0.993  0.000000  0.000000  0.000000  0.000000 
  3.97639   2.83038   0.59982      6.00000      2.07846 4126.6  0.214  1  12398  1.125  0.000000  0.000000  0.000000  0.000000 
  0.80080   0.30970   1.53241      6.30000      2.07846 4134.9  0.012  1  13163  1.631  0.000000  0.000000  0.000000  0.000000 
  3.97380   2.83064   0.59134      6.60000      2.07846 4127.5  0.202  1  12870  1.205  0.000000  0.000000  0.000000  0.000000 
  3.97109   2.83156   0.58895      6.90000      2.07846 4110.0  0.048  1  11743  1.098  0.000000  0.000000  0.000000  0.000000 
  3.97137   2.83154   0.58920      7.20000      2.07846 3941.5  0.060  1  12071  1.171  0.000000  0.000000  0.000000  0.000000 
  3.95803   2.82902   0.57770      7.50000      2.07846 3770.5  0.393  1  10874  0.918  0.000000  0.000000  0.000000  0.000000 
  0.43155   1.16751   5.16049      0.15000      2.33827 2944.1  0.060  2  11177  1.531  0.000000  0.000000  0.000000  0.000000 
  1.31176   0.35432   4.18784      0.45000      2.33827 2895.4  0.143  1  10264  1.214  0.000000  0.000000  0.000000  0.000000 
  3.57609   1.98403   2.69360      0.75000      2.33827 2815.4  0.048  2  10616  1.669  0.000000  0.000000  0.000000  0.000000 
  4.47052   2.77394   3.16774      1.05000      2.33827 3178.4  0.036  1  11212  1.560  0.000000  0.000000  0.000000  0.000000 
  1.32893   0.36055   4.16886      1.35000      2.33827 3036.6  0.071  1  11381  1.392  0.000000  0.000000  0.000000  0.000000 
  1.33112   0.36488   4.17073      1.65000      2.33827 3349.4  0.000  1  10797  1.163  0.000000  0.000000  0.000000  0.000000 
  1.33486   0.36216   4.16682      1.95000      2.33827 3353.0  0.048  1  11520  1.186  0.000000  0.000000  0.000000  0.000000 
  4.48627   2.77640   3.17945      2.25000      2.33827 3461.5  0.310  1  11537  0.962  0.000000  0.000000  0.000000  0.000000 
  1.34076   0.36257   4.14934      2.55000      2.33827 3503.7  0.238  1  11295  1.117  0.000000  0.000000  0.000000  0.000000 
  4.51835   2.76933   3.20627      2.85000      2.33827 3357.2  0.083  1  11585  1.487  0.000000  0.000000  0.000000  0.000000 
  1.33885   2.53784   0.81465      3.15000      2.33827 2770.4  0.000  2  12438  1.704  0.000000  0.000000  0.000000  0.000000 
  3.43003   1.88389   0.88655      3.45000      2.33827 1913.2  0.179  2  12363  1.729  0.000000  0.000000  0.000000  0.000000 
  2.33528   2.03776   0.95468      3.75000      2.33827 1546.3  0.048  1  12334  2.317  0.000000  0.000000  0.000000  0.000000 
  0.82997   0.30727   0.43485      4.05000      2.33827 2051.2  0.048  1  11222  1.748  0.000000  0.000000  0.000000  0.000000 
  0.82870   0.30791   0.44797      4.35000      2.33827 3438.6  0.036  1  13014  1.179  0.000000  0.000000  0.000000  0.000000 
  3.96789   2.83396   0.59193      4.65000      2.33827 3642.9  0.060  1  13774  1.316  0.000000  0.000000  0.000000  0.000000 
  0.83654   0.31004   4.63908      4.95000      2.33827 3841.2  0.095  1  12883  1.147  0.000000  0.000000  0.000000  0.000000 
  3.96930   2.83394   0.58899      5.25000      2.33827 4043.9  0.095  1  13049  1.218  0.000000  0.000000  0.000000  0.000000 
  3.96363   2.82962   0.58579      5.55000      2.33827 4032.8  0.190  1  13797  1.057  0.000000  0.000000  0.000000  0.000000 
  0.82691   0.30939   0.45943      5.85000      2.33827 4071.7  0.440  1  12959  0.892  0.000000  0.000000  0.000000  0.000000 
  3.97554   2.83085   0.59505      6.15000      2.33827 4209.2  0.083  1  12969  1.197  0.000000  0.000000  0.000000  0.000000 
  3.96759   2.83019   0.58859      6.45000      2.33827 4190.3  0.012  1  13253  1.394  0.000000  0.000000  0.000000  0.000000 
  3.97446   2.83077   0.59736      6.75000      2.33827 4165.4  0.083  1  12897  1.117  0.000000  0.000000  0.000000  0.000000 
  3.96457   2.82754   0.58601      7.05000      2.33827 4176.1  0.048  1  12379  1.170  0.000000  0.000000  0.000000  0.000000 
  3.97096   2.83155   0.58882      7.35000      2.33827 4112.2  0.048  1  11600  1.142  0.000000  0.000000  0.000000  0.000000 
  1.33580   0.36493   4.16455      0.00000      2.59808 3061.5  0.036  1  10707  1.232  0.000000  0.000000  0.000000  0.000000 
  1.32917   0.35302   1.02312      0.30000      2.59808 3157.0  0.000  1  11761  1.572  0.000000  0.000000  0.000000  0.000000 
  4.46896   2.77601   3.16151      0.60000      2.59808 3155.4  0.095  1  10764  1.457  0.000000  0.000000  0.000000  0.000000 
  4.50534   2.76905   3.19798      0.90000      2.59808 3265.4  0.190  1  11531  1.401  0.000000  0.000000  0.000000  0.000000 
  4.49443   2.77212   3.18688      1.20000      2.59808 3288.7  0.107  1  11016  1.343  0.000000  0.000000  0.000000  0.000000 
  4.46534   2.78227   3.14895      1.50000      2.59808 3345.8  0.012  1  11400  1.417  0.000000  0.000000  0.000000  0.000000 
  4.51691   2.77018   3.21115      1.80000      2.59808 3362.4  0.060  1  11189  1.782  0.000000  0.000000  0.000000  0.000000 
  6.26915   1.00183   1.93382      2.10000      2.59808 3410.7  0.000  2  10921  1.620  0.000000  0.000000  0.000000  0.000000 
  4.50690   2.76853   3.20162      2.40000      2.59808 3454.7  0.095  1  12459  1.591  0.000000  0.000000  0.000000  0.000000 
  4.45103   2.77934   6.28094      2.70000      2.59808 3204.0  0.000  1  11508  1.225  0.000000  0.000000  0.000000  0.000000 
  4.46567   2.77350   5.24664      3.00000      2.59808 2801.9  0.214  1  13643  1.073  0.000000  0.000000  0.000000  0.000000 
  0.80912   0.31743   0.47200      3.30000      2.59808 2645.2  0.440  1  13322  1.441  0.000000  0.000000  0.000000  0.000000 
  0.81304   0.30042   0.44746      3.60000      2.59808 2049.0  0.048  1  12113  1.690  0.000000  0.000000  0.000000  0.000000 
  0.84486   0.30236   0.43735      3.90000      2.59808 2287.9  0.286  1  10656  1.518  0.000000  0.000000  0.000000  0.000000 
  0.83347   0.30850   0.43990      4.20000      2.59808 3487.8  0.083  1  13659  1.131  0.000000  0.000000  0.000000  0.000000 
  0.83423   0.31101   0.44767      4.50000      2.59808 3821.6  0.202  1  12711  1.383  0.000000  0.000000  0.000000  0.000000 
  3.97403   2.83106   0.60106      4.80000      2.59808 4015.7  0.036  1  13288  1.213  0.000000  0.000000  0.000000  0.000000 
  3.96986   2.83254   0.59152      5.10000      2.59808 3968.9  0.214  1  13399  1.032  0.000000  0.000000  0.000000  0.000000 
  3.98286   2.83113   0.60309      5.40000      2.59808 3984.2  0.060  1  13243  1.177  0.000000  0.000000  0.000000  0.000000 
  3.97672   2.83146   0.59830      5.70000      2.59808 4124.4  0.321  1  13154  1.210  0.000000  0.000000  0.000000  0.000000 
  3.97067   2.84681   0.58613      6.00000      2.59808 3379.9  0.095  1  14599  1.386  0.000000  0.000000  0.000000  0.000000 
  0.84506   0.30767   4.63164      6.30000      2.59808 4033.9  0.274  1  11929  1.305  0.000000  0.000000  0.000000  0.000000 
  3.97956   2.83140   0.60181      6.60000      2.59808 4192.3  0.119  1  13151  1.138  0.000000  0.000000  0.000000  0.000000 
  2.14696   1.00081   5.84250      6.90000      2.59808 4225.0  0.000  2  12006  2.035  0.000000  0.000000  0.000000  0.000000 
  3.95804   2.82799   0.58104      7.20000      2.59808 4120.6  0.083  1  12236  1.079  0.000000  0.000000  0.000000  0.000000 
  3.92891   2.82878   0.55240      7.50000      2.59808 3976.3  0.155  1  11789  1.253  0.000000  0.000000  0.000000  0.000000 
  0.58822   2.47711   5.21392      0.15000      2.85788 3070.4  0.000  2  11280  1.493  0.000000  0.000000  0.000000  0.000000 
  1.32138   0.35955   4.17222      0.45000      2.85788 3261.9  0.143  1  12002  1.596  0.000000  0.000000  0.000000  0.000000 
  4.47043   2.77468   3.16649      0.75000      2.85788 3371.4  0.202  1  11566  1.209  0.000000  0.000000  0.000000  0.000000 
  4.49016   2.77034   3.18313      1.05000      2.85788 3432.5  0.190  1  12177  1.092  0.000000  0.000000  0.000000  0.000000 
  3.57727   1.98456   2.69203      1.35000      2.85788 3316.9  0.000  2  12171  1.311  0.000000  0.000000  0.000000  0.000000 
  4.47441   2.77655   3.16615      1.65000      2.85788 3491.1  0.071  1  11877  1.593  0.000000  0.000000  0.000000  0.000000 
  0.43040   1.16311   5.16393      1.95000      2.85788 3357.3  0.000  2  11574  1.530  0.000000  0.000000  0.000000  0.000000 
  0.43297   1.16155   5.16412      2.25000      2.85788 3440.5  0.000  2  12520  1.366  0.000000  0.000000  0.000000  0.000000 
  1.27996   0.35142   4.21936      2.55000      2.85788 3207.2  0.024  1  11491  1.194  0.000000  0.000000  0.000000  0.000000 
  4.40728   2.77903   4.13258      2.85000      2.85788 2716.6  0.024  1  14045  1.923  0.000000  0.000000  0.000000  0.000000 
  0.82673   0.31204   0.44609      3.15000      2.85788 3104.7  0.333  1  13338  1.288  0.000000  0.000000  0.000000  0.000000 
  0.82876   0.31229   0.45078      3.45000      2.85788 3001.2  0.488  1  13638  0.931  0.000000  0.000000  0.000000  0.000000 
  3.97026   2.83053   0.60631      3.75000      2.85788 3145.4  0.024  1  12069  1.254  0.000000  0.000000  0.000000  0.000000 
  0.82670   0.31078   0.44573      4.05000      2.85788 3339.6  0.024  1  12670  1.481  0.000000  0.000000  0.000000  0.000000 
  3.95685   2.83031   0.58182      4.35000      2.85788 3710.0  0.048  1  13389  1.319  0.000000  0.000000  0.000000  0.000000 
  3.97272   2.83244   0.59259      4.65000      2.85788 3858.6  0.274  1  13775  1.208  0.000000  0.000000  0.000000  0.000000 
  3.97098   2.83146   0.58886      4.95000      2.85788 4037.9  0.190  1  12950  1.055  0.000000  0.000000  0.000000  0.000000 
  3.98117   2.83227   0.60199      5.25000      2.85788 4086.5  0.107  1  13044  1.119  0.000000  0.000000  0.000000  0.000000 
  3.97479   2.83324   0.59313      5.55000      2.85788 3966.4  0.083  1  12910  1.243  0.000000  0.000000  0.000000  0.000000 
  3.91894   2.82639   0.54169      5.85000      2.85788 3520.4  0.036  1  11921  1.409  0.000000  0.000000  0.000000  0.000000 
  3.91513   2.82970   0.54537      6.15000      2.85788 2996.2  0.048  1  11359  1.462  0.000000  0.000000  0.000000  0.000000 
  3.95966   2.83255   0.58422      6.45000      2.85788 3963.6  0.048  1  13325  1.401  0.000000  0.000000  0.000000  0.000000 
  3.96814   2.83125   0.58579      6.75000      2.85788 4107.1  0.262  1  12573  1.206  0.000000  0.000000  0.000000  0.000000 
  3.97566   2.83096   0.59511      7.05000      2.85788 4095.9  0.298  1  12699  1.235  0.000000  0.000000  0.000000  0.000000 
  3.97191   2.83270   0.59078      7.35000      2.85788 4136.0  0.060  1  12567  1.156  0.000000  0.000000  0.000000  0.000000 
  1.32343   0.36854   4.17067      0.00000      3.11769 3156.2  0.119  1  12306  1.517  0.000000  0.000000  0.000000  0.000000 
  1.29814   0.35663   4.19732      0.30000      3.11769 3319.6  0.167  1  12417  1.037  0.000000  0.000000  0.000000  0.000000 
  4.48295   2.77098   3.18186      0.60000      3.11769 3290.4  0.143  1  12095  1.502  0.000000  0.000000  0.000000  0.000000 
  3.57611   1.97904   2.68853      0.90000      3.11769 3463.6  0.000  2  11603  1.612  0.000000  0.000000  0.000000  0.000000 
  4.48985   2.76917   3.18427      1.20000      3.11769 3448.9  0.238  1  12398  0.976  0.000000  0.000000  0.000000  0.000000 
  1.32056   0.36423   4.17302      1.50000      3.11769 3407.2  0.131  1  12527  1.551  0.000000  0.000000  0.000000  0.000000 
  1.31566   0.35818   4.18163      1.80000      3.11769 3491.8  0.167  1  12535  1.430  0.000000  0.000000  0.000000  0.000000 
  3.57253   1.98510   2.68847      2.10000      3.11769 3567.8  0.000  2  12525  1.657  0.000000  0.000000  0.000000  0.000000 
  0.43021   1.16226   5.16411      2.40000      3.11769 3346.1  0.000  2  13239  1.261  0.000000  0.000000  0.000000  0.000000 
  0.42077   1.18457   5.19071      2.70000      3.11769 2731.2  0.000  2  13972  1.707  0.000000  0.000000  0.000000  0.000000 
  0.83337   0.31872   0.43896      3.00000      3.11769 2981.2  0.464  1  13703  1.311  0.000000  0.000000  0.000000  0.000000 
  0.79797   0.31237   0.47541      3.30000      3.11769 3345.8  0.190  1  13466  1.295  0.000000  0.000000  0.000000  0.000000 
  3.95210   2.82331   0.58213      3.60000      3.11769 3243.3  0.119  1  13085  1.214  0.000000  0.000000  0.000000  0.000000 
  3.98394   2.83609   0.60317      3.90000      3.11769 3219.7  0.202  1  13518  0.987  0.000000  0.000000  0.000000  0.000000 
  3.96368   2.83334   0.58661      4.20000      3.11769 3745.0  0.131  1  14041  1.290  0.000000  0.000000  0.000000  0.000000 
  3.97608   2.83029   0.59956      4.50000      3.11769 3839.5  0.071  1  13829  1.231  0.000000  0.000000  0.000000  0.000000 
  3.97509   2.83349   0.59154      4.80000      3.11769 4056.6  0.060  1  13258  1.214  0.000000  0.000000  0.000000  0.000000 
  3.97805   2.83627   0.59972      5.10000      3.11769 3999.2  0.369  1  13800  0.911  0.000000  0.000000  0.000000  0.000000 
  3.97070   2.83147   0.58860      5.40000      3.11769 4086.7  0.179  1  13645  1.124  0.000000  0.000000  0.000000  0.000000 
  3.96699   2.83130   0.58908      5.70000      3.11769 3896.8  0.381  1  13052  0.788  0.000000  0.000000  0.000000  0.000000 
  3.95439   2.82933   0.57867      6.00000      3.11769 3220.5  0.310  1  12323  1.238  0.000000  0.000000  0.000000  0.000000 
  3.97159   2.83244   0.59000      6.30000      3.11769 3728.3  0.071  1  13077  1.204  0.000000  0.000000  0.000000  0.000000 
  3.96778   2.82782   0.58498      6.60000      3.11769 4135.6  0.048  1  12838  1.227  0.000000  0.000000  0.000000  0.000000 
  3.97369   2.83067   0.59124      6.90000      3.11769 4168.3  0.202  1  12524  1.164  0.000000  0.000000  0.000000  0.000000 
  3.96646   2.82923   0.58802      7.20000      3.11769 3960.5  0.190  1  13056  1.136  0.000000  0.000000  0.000000  0.000000 
  3.95307   2.83053   0.57411      7.50000      3.11769 3901.0  0.048  1  12189  1.191  0.000000  0.000000  0.000000  0.000000 
  1.31426   0.36138   4.18430      0.15000      3.37750 3330.7  0.119  1  12636  1.340  0.000000  0.000000  0.000000  0.000000 
  1.31672   0.35963   4.18046      0.45000      3.37750 3348.0  0.036  1  13742  1.314  0.000000  0.000000  0.000000  0.000000 
  0.43454   1.15851   5.16526      0.75000      3.37750 3412.9  0.000  2  12649  1.616  0.000000  0.000000  0.000000  0.000000 
  1.31268   0.36079   4.19073      1.05000      3.37750 3342.9  0.143  1  12617  1.112  0.000000  0.000000  0.000000  0.000000 
  1.32493   0.36342   4.17154      1.35000      3.37750 3447.7  0.167  1  12615  1.318  0.000000  0.000000  0.000000  0.000000 
  3.57833   1.97875   2.69681      1.65000      3.37750 3358.2  0.000  2  12270  1.319  0.000000  0.000000  0.000000  0.000000 
  3.57028   1.98685   2.68812      1.95000      3.37750 3499.7  0.000  2  12762  1.496  0.000000  0.000000  0.000000  0.000000 
  3.58507   1.97470   2.69634      2.25000      3.37750 3411.6  0.000  2  12410  1.730  0.000000  0.000000  0.000000  0.000000 
  1.25996   0.35813   4.24281      2.55000      3.37750 2763.8  0.060  1  13734  2.058  0.000000  0.000000  0.000000  0.000000 
  3.46534   1.94153   5.66922      2.85000      3.37750 2974.4  0.000  2  13813  2.112  0.000000  0.000000  0.000000  0.000000 
  0.79657   0.31720   1.53472      3.15000      3.37750 3372.4  0.024  1  14109  1.368  0.000000  0.000000  0.000000  0.000000 
  0.85297   0.30462   4.62152      3.45000      3.37750 3598.3  0.095  1  13733  1.258  0.000000  0.000000  0.000000  0.000000 
  0.81865   0.31074   4.64549      3.75000      3.37750 3781.6  0.012  1  13800  1.248  0.000000  0.000000  0.000000  0.000000 
  0.79977   0.31308   1.53462      4.05000      3.37750 3757.1  0.095  1  14224  1.392  0.000000  0.000000  0.000000  0.000000 
  3.97534   2.83273   0.59265      4.35000      3.37750 3906.3  0.214  1  14011  1.203  0.000000  0.000000  0.000000  0.000000 
  0.81133   0.31547   1.51994      4.65000      3.37750 3966.2  0.012  1  14276  1.189  0.000000  0.000000  0.000000  0.000000 
  3.96696   2.83061   0.58378      4.95000      3.37750 3940.5  0.429  1  13585  0.861  0.000000  0.000000  0.000000  0.000000 
  3.97637   2.83141   0.59799      5.25000      3.37750 4107.8  0.083  1  13650  1.116  0.000000  0.000000  0.000000  0.000000 
  3.96922   2.83317   0.58751      5.55000      3.37750 3940.2  0.155  1  13458  1.214  0.000000  0.000000  0.000000  0.000000 
  3.97551   2.83364   0.59521      5.85000      3.37750 3721.4  0.238  1  13212  0.800  0.000000  0.000000  0.000000  0.000000 
  0.80640   0.31213   4.67338      6.15000      3.37750 3499.0  0.095  1  13510  1.118  0.000000  0.000000  0.000000  0.000000 
  2.14699   1.00087   5.84248      6.45000      3.37750 4032.5  0.000  2  13367  2.032  0.000000  0.000000  0.000000  0.000000 
  3.97713   2.83088   0.59860      6.75000      3.37750 4061.4  0.083  1  13896  1.140  0.000000  0.000000  0.000000  0.000000 
  3.93565   2.82869   0.55692      7.05000      3.37750 4112.9  0.036  1  14451  1.276  0.000000  0.000000  0.000000  0.000000 
  0.81183   0.31511   1.52531      7.35000      3.37750 4000.4  0.036  1  13345  1.354  0.000000  0.000000  0.000000  0.000000 
  0.59534   2.47194   5.21725      0.00000      3.63731 3103.7  0.000  2  24126  1.870  0.000000  0.000000  0.000000  0.000000 
  1.28172   0.35733   4.21901      0.30000      3.63731 3296.1  0.131  1  19777  1.275  0.000000  0.000000  0.000000  0.000000 
  1.30735   0.35711   4.19899      0.60000      3.63731 3280.8  0.024  1  17087  1.435  0.000000  0.000000  0.000000  0.000000 
  1.30597   0.36021   4.19581      0.90000      3.63731 3394.1  0.143  1  14957  1.268  0.000000  0.000000  0.000000  0.000000 
  1.31881   0.36453   4.18347      1.20000      3.63731 3564.6  0.143  1  13503  1.321  0.000000  0.000000  0.000000  0.000000 
  4.49153   2.77110   3.18200      1.50000      3.63731 3519.2  0.143  1  13538  1.459  0.000000  0.000000  0.000000  0.000000 
  1.32512   0.36156   4.17163      1.80000      3.63731 3546.9  0.131  1  14235  1.356  0.000000  0.000000  0.000000  0.000000 
  1.31434   0.35087   4.18788      2.10000      3.63731 3505.3  0.155  1  13585  1.484  0.000000  0.000000  0.000000  0.000000 
  1.25768   0.35339   4.24979      2.40000      3.63731 3092.1  0.083  1  14693  1.698  0.000000  0.000000  0.000000  0.000000 
  3.97469   2.83228   2.70537      2.70000      3.63731 2917.3  0.310  1  14128  1.472  0.000000  0.000000  0.000000  0.000000 
  0.82491   0.31436   1.50953      3.00000      3.63731 3388.5  0.024  1  14141  1.545  0.000000  0.000000  0.000000  0.000000 
  0.80500   0.30559   1.52904      3.30000      3.63731 3617.3  0.024  1  14140  1.353  0.000000  0.000000  0.000000  0.000000 
  0.83885   0.30388   4.63370      3.60000      3.63731 3658.5  0.262  1  14563  1.179  0.000000  0.000000  0.000000  0.000000 
  3.98691   2.83269   0.60897      3.90000      3.63731 3754.8  0.488  1  14362  1.108  0.000000  0.000000  0.000000  0.000000 
  3.97507   2.83720   0.59452      4.20000      3.63731 3901.7  0.119  1  15552  1.308  0.000000  0.000000  0.000000  0.000000 
  3.96516   2.83064   0.59004      4.50000      3.63731 4005.0  0.429  1  14370  0.813  0.000000  0.000000  0.000000  0.000000 
  3.97771   2.83209   0.59663      4.80000      3.63731 3979.1  0.143  1  14071  1.211  0.000000  0.000000  0.000000  0.000000 
  3.97345   2.83134   0.59412      5.10000      3.63731 3987.0  0.083  1  14683  1.403  0.000000  0.000000  0.000000  0.000000 
  3.97289   2.83345   0.59025      5.40000      3.63731 4014.1  0.393  1  14563  0.871  0.000000  0.000000  0.000000  0.000000 
  3.94673   2.82704   0.57305      5.70000      3.63731 3945.9  0.476  1  13739  0.986  0.000000  0.000000  0.000000  0.000000 
  0.83707   0.30628   4.63785      6.00000      3.63731 3824.9  0.238  1  13739  1.499  0.000000  0.000000  0.000000  0.000000 
  3.97042   2.82894   0.59079      6.30000      3.63731 4016.7  0.512  1  14032  0.975  0.000000  0.000000  0.000000  0.000000 
  0.83148   0.30762   4.64628      6.60000      3.63731 4072.7  0.393  1  14034  0.867  0.000000  0.000000  0.000000  0.000000 
  3.98476   2.83584   0.60285      6.90000      3.63731 4057.3  0.060  1  14285  1.245  0.000000  0.000000  0.000000  0.000000 
  0.79032   0.31513   1.54542      7.20000      3.63731 4045.4  0.071  1  14011  1.407  0.000000  0.000000  0.000000  0.000000 
  0.79409   0.30920   4.67609      7.50000      3.63731 3395.7  0.119  1  15231  1.288  0.000000  0.000000  0.000000  0.000000 
  6.20301   1.55377   0.60662      0.15000      3.89711 2471.1  0.000  2  32766  2.170  0.000000  0.000000  0.000000  0.000000 
  2.62303   1.00766   1.20971      0.45000      3.89711 2522.9  0.000  1  32766  1.883  0.000000  0.000000  0.000000  0.000000 
  2.74638   0.63379   1.41792      0.75000      3.89711 2693.9  0.012  1  32766  2.285  0.000000  0.000000  0.000000  0.000000 
  1.49518   0.97358   1.34448      1.05000      3.89711 3078.9  0.000  1  32766  2.008  0.000000  0.000000  0.000000  0.000000 
  0.35048   2.09465   4.89063      1.35000      3.89711 2392.9  0.012  1  32764  2.020  0.000000  0.000000  0.000000  0.000000 
  0.60704   2.46944   5.23804      1.65000      3.89711 3084.1  0.000  2  30005  1.877  0.000000  0.000000  0.000000  0.000000 
  1.25364   0.34905   4.24747      1.95000      3.89711 3332.9  0.000  1  23689  1.444  0.000000  0.000000  0.000000  0.000000 
  4.20952   2.83600   2.94086      2.25000      3.89711 2976.1  0.119  1  21362  2.663  0.000000  0.000000  0.000000  0.000000 
  0.85155   0.30798   4.61460      2.55000      3.89711 2984.6  0.381  1  16349  1.278  0.000000  0.000000  0.000000  0.000000 
  0.81354   0.30366   4.65818      2.85000      3.89711 3482.6  0.298  1  15801  1.142  0.000000  0.000000  0.000000  0.000000 
  0.84860   0.30408   4.62733      3.15000      3.89711 3627.2  0.476  1  15456  1.058  0.000000  0.000000  0.000000  0.000000 
  0.82543   0.30576   4.64256      3.45000      3.89711 3810.0  0.357  1  15745  0.881  0.000000  0.000000  0.000000  0.000000 
  3.97804   2.83440   0.59828      3.75000      3.89711 3872.9  0.143  1  15216  1.239  0.000000  0.000000  0.000000  0.000000 
  3.96997   2.83328   0.58789      4.05000      3.89711 3969.7  0.417  1  15506  0.889  0.000000  0.000000  0.000000  0.000000 
  3.97221   2.83102   0.59478      4.35000      3.89711 3961.1  0.190  1  14725  1.142  0.000000  0.000000  0.000000  0.000000 
  3.96393   2.83589   0.57779      4.65000      3.89711 3935.4  0.357  1  14726  0.914  0.000000  0.000000  0.000000  0.000000 
  3.97584   2.82834   0.60082      4.95000      3.89711 4008.0  0.464  1  15782  0.978  0.000000  0.000000  0.000000  0.000000 
  3.96038   2.83025   0.58656      5.25000      3.89711 3946.8  0.167  1  15019  1.158  0.000000  0.000000  0.000000  0.000000 
  3.97560   2.83320   0.59496      5.55000      3.89711 3982.8  0.393  1  15477  0.844  0.000000  0.000000  0.000000  0.000000 
  3.96836   2.83327   0.58288      5.85000      3.89711 3916.7  0.369  1  15667  0.931  0.000000  0.000000  0.000000  0.000000 
  0.83476   0.30606   4.64614      6.15000      3.89711 3810.0  0.071  1  16227  1.250  0.000000  0.000000  0.000000  0.000000 
  0.79325   0.31429   1.53990      6.45000      3.89711 3938.9  0.119  1  15145  1.369  0.000000  0.000000  0.000000  0.000000 
  3.95824   2.83402   0.57709      6.75000      3.89711 3771.7  0.429  1  15419  1.015  0.000000  0.000000  0.000000  0.000000 
  3.95099   2.82950   0.56987      7.05000      3.89711 3652.8  0.440  1  17341  0.849  0.000000  0.000000  0.000000  0.000000 
  0.79148   0.30467   4.68452      7.35000      3.89711 2856.9  0.131  1  28453  1.572  0.000000  0.000000  0.000000  0.000000 
  1.55435   2.35283   4.44647      0.00000      4.15692 1649.0  0.000  2  30683  2.335  0.000000  0.000000  0.000000  0.000000 
  1.30038   2.27811   5.12958      0.30000      4.15692 1329.4  0.024  1  32766  2.508  0.000000  0.000000  0.000000  0.000000 
  1.54731   2.47450   5.51341      0.60000      4.15692 1494.3  0.012  1  32760  2.428  0.000000  0.000000  0.000000  0.000000 
  0.13705   1.10624   3.32523      0.90000      4.15692 1259.8  0.000  2  32763  2.389  0.000000  0.000000  0.000000  0.000000 
  0.30257   2.07002   3.83607      1.20000      4.15692 2639.0  0.012  2  32766  1.946  0.000000  0.000000  0.000000  0.000000 
  1.58252   1.81952   0.89128      1.50000      4.15692 2530.3  0.036  1  32766  2.040  0.000000  0.000000  0.000000  0.000000 
  4.36495   1.84614   6.09491      1.80000      4.15692 2866.4  0.012  2  32766  2.399  0.000000  0.000000  0.000000  0.000000 
  5.04742   1.87161   4.48009      2.10000      4.15692 2789.3  0.012  1  32766  2.201  0.000000  0.000000  0.000000  0.000000 
  5.21831   2.24901   3.90629      2.40000      4.15692 2796.8  0.000  2  32766  2.195  0.000000  0.000000  0.000000  0.000000 
  4.76543   2.60554   2.61825      2.70000      4.15692 2360.4  0.000  2  29563  2.499  0.000000  0.000000  0.000000  0.000000 
  0.84169   0.30419   4.64211      3.00000      4.15692 3369.5  0.250  1  19415  1.372  0.000000  0.000000  0.000000  0.000000 
  0.80021   0.31255   4.66928      3.30000      4.15692 3658.6  0.179  1  16036  1.171  0.000000  0.000000  0.000000  0.000000 
  0.82894   0.31205   4.64540      3.60000      4.15692 3866.0  0.274  1  15919  1.018  0.000000  0.000000  0.000000  0.000000 
  3.97756   2.83281   0.59306      3.90000      4.15692 3953.8  0.131  1  15716  1.185  0.000000  0.000000  0.000000  0.000000 
  3.96232   2.83608   0.57825      4.20000      4.15692 3964.9  0.131  1  16231  1.296  0.000000  0.000000  0.000000  0.000000 
  3.97480   2.83235   0.58665      4.50000      4.15692 3883.9  0.524  1  15987  0.797  0.000000  0.000000  0.000000  0.000000 
  3.95577   2.83353   0.57278      4.80000      4.15692 3781.4  0.179  1  17662  1.189  0.000000  0.000000  0.000000  0.000000 
  3.99028   2.83583   0.59589      5.10000      4.15692 3744.1  0.298  1  18451  1.264  0.000000  0.000000  0.000000  0.000000 
  3.99244   2.83362   0.60664      5.40000      4.15692 3411.9  0.310  1  20114  1.218  0.000000  0.000000  0.000000  0.000000 
  0.82838   0.30130   4.65214      5.70000      4.15692 3364.4  0.226  1  24367  1.300  0.000000  0.000000  0.000000  0.000000 
  0.85124   0.30113   4.63156      6.00000      4.15692 3085.1  0.262  1  27650  1.425  0.000000  0.000000  0.000000  0.000000 
  3.92985   2.82849   0.54543      6.30000      4.15692 2966.8  0.155  1  30940  1.296  0.000000  0.000000  0.000000  0.000000 
  0.78056   0.31000   4.69912      6.60000      4.15692 2815.4  0.107  1  32747  1.525  0.000000  0.000000  0.000000  0.000000 
  3.87875   1.62619   4.18666      6.90000      4.15692 2816.6  0.024  1  32766  1.986  0.000000  0.000000  0.000000  0.000000 
  0.31841   2.06364   0.70586      7.20000      4.15692 2718.7  0.071  2  32766  1.926  0.000000  0.000000  0.000000  0.000000 
  0.30472   2.08563   3.83586      7.50000      4.15692 2339.1  0.000  2  32766  2.591  0.000000  0.000000  0.000000  0.000000 
  0.96360   1.62293   2.32764      0.15000      4.41673 1119.1  0.036  1   7052  2.061  0.000000  0.000000  0.000000  0.000000 
  4.29506   2.54516   5.90698      0.45000      4.41673 1101.4  0.000  2  15768  2.239  0.000000  0.000000  0.000000  0.000000 
  3.74136   1.83744   4.09798      0.75000      4.41673 1062.1  0.029  1  22675  2.084  0.000000  0.000000  0.000000  0.000000 
  1.90483   1.63134   0.74283      1.05000      4.41673  914.8  0.000  2  26640  2.330  0.000000  0.000000  0.000000  0.000000 
  3.29486   2.06683   1.11754      1.35000      4.41673 1295.0  0.024  1  31977  2.172  0.000000  0.000000  0.000000  0.000000 
  1.56886   2.43258   3.40232      1.65000      4.41673 1602.5  0.012  1  32766  2.290  0.000000  0.000000  0.000000  0.000000 
  4.69656   0.43913   5.20315      1.95000      4.41673 2588.2  0.024  1  32766  2.009  0.000000  0.000000  0.000000  0.000000 
